14185048
14185216
14185384
14185552
14185720
14185888
14186056
14186224
14186392
14185048
14185720
14185888
14185048
14181248
14185552
14179224
14185216
14185384
14185216
14185384
14185552
14185720
14185888
14186056
14186056
14179224
14186224
14185216
14186224
14185048
14186392
14178488
14185048
14185216
14179224
14181248
14181248
14185384
14185888
14186056
14186224
14185384
14185552
14185216
14185552
14185720
14185216
14176648
14177568
14179392
14185720
14185888
14185048
14179224
14179224
14185048
14178488
14178488
14181248
14181248
14185216
14185216
14176464
14186056
14186224
14185552
14185720
14185384
14176280
14185384
14179224
14179224
14177568
14176648
14177568
14176632
14179392
14185888
14181248
14181248
14186056
14185048
14178488
14185048
14185216
14185216
14178488
14179392
14186224
14177568
14174808
14176464
14176280
14177568
14176280
14185384
14176632
14176448
14176616
14181248
14179224
14174808
14179224
14175728
14185216
14176096
14178488
14178488
14185048
14177568
14176280
14176264
14179392
14177568
14174808
14181248
14179392
14185048
14176448
14176432
14176616
14176264
14176264
14173888
14176600
14178488
14178488
14185216
14179224
14175728
14179224
14179392
14176096
14177568
14181248
14176096
14181248
14185048
14185048
14177568
14174808
14176432
14176432
14173888
14174808
14175728
14179224
14174256
14173704
14176264
14181248
14176264
14176600
14178488
14178488
14185216
14175360
14181248
14173872
14176600
14176096
14177568
14185048
14176096
14176432
14176432
14177568
14175728
14174808
14174808
14173704
14173704
14175728
14178488
14174256
14175360
14175360
14174256
14178488
14175896
14179224
14176264
14176264
14176600
14181248
14181248
14179392
14176096
14173872
14177568
14177568
14173872
14173704
14176432
14176064
14178488
14178488
14173520
14174808
14174256
14175728
14175728
14175360
14175360
14179224
14176264
14175896
14179392
14181248
14175896
14181248
14177568
14173520
14176064
14173872
14177568
14174256
14174808
14179224
14178488
14178488
14183864
14179392
14175360
14175360
14175728
14175896
14174808
14174808
14181248
14183864
14181248
14174624
14183864
14174256
14174256
14177568
14179392
14179224
14177568
14175360
14178488
14181248
14174808
14178488
14181248
14174256
14174624
14179224
14183864
14179392
14177568
14177568
14163208
14178488
14183864
14178488
14181248
14163208
14177568
14179224
14179392
14183864
14177568
14178304
14177384
14181248
14163208
14178488
14177568
14178120
14178472
14177384
14177384
14177552
14181248
14178304
14178288
14163208
14178120
14178120
14177016
14181248
14178472
14178456
14163208
14179224
14177384
14177552
14178288
14178288
14181248
14177016
14177016
14178120
14178456
14178120
14181248
14179040
14163208
14179392
14178288
14179224
14177016
14179208
14163208
14181248
14178120
14179040
14179040
14179392
14181248
14163208
14179208
14163208
14179208
14179376
14178120
14181248
14179040
14179040
14181248
14178288
14179376
14178120
14163208
14179208
14178120
14178288
14179040
14163208
14178288
14178456
14179152
14181248
14181248
14179152
14180328
14179040
14179208
14178456
14178120
14181248
14178120
14178456
14178288
14163208
14180328
14179040
14179040
14179208
14178120
14180328
14178456
14163208
14181064
14181232
14179208
14163208
14179376
14179040
14179040
14180328
14181064
14181064
14163208
14181232
14179208
14179376
14181232
14179040
14179040
14163208
14181064
14181232
14179040
14163208
14181064
14181064
14163208
14182168
14163208
14181064
14163208
14183088
14181232
14181064
14182168
14181232
14182168
14183088
14163208
14182168
14182168
14163208
14163208
14182168
14182904
14163208
14182536
14183072
14182904
14182904
14163208
14179040
14182536
14182536
14183072
14183072
14182904
14163208
14179040
14183072
14182536
14182536
14163208
14182536
14182904
14163208
14182536
14182904
14163208
14182536
14179040
14179208
14179376
14163208
14163208
14179040
14179376
14179208
14163208
14163208
14179040
14179208
14179376
14179208
14163208
14179040
14179376
14183864
14163208
14183864
14163208
14163208
14183864
14184032
14184200
14163208
14183864
14183864
14184032
14184032
14184200
14184200
14184032
14183864
14163208
14184200
14183864
14163208
14163208
14183864
14183864
14163208
14183864
