16129000
16129000
16129000
16129000
16129000
16129000
16129000
16129000
16129000
16129000
16129000
16129000
16129000
16129000
16129000
16129000
16129000
16129000
16129000
16129000
16129000
16129000
16129000
16129000
16129000
16129000
16129000
16129000
16129000
16129000
16129000
16129000
16129000
16129000
16129000
16129000
16129000
16129000
16129000
16129000
16129000
16129000
16129000
16129000
16129000
16129000
16129000
16129000
16129000
16129000
16129000
16129000
16129000
16129000
16129000
16129000
16129000
16129000
16129000
16129000
16129000
16129000
16129000
16129000
16129000
16129000
16129000
16129000
16129000
16129000
16129000
16129000
16129000
16129000
16129000
16129000
16129000
16129000
16129000
16129000
16129000
16129000
16129000
16129000
16129000
16129000
16129000
16129000
16129000
16129000
16129000
16129000
16129000
16129000
16129000
16151720
16129000
16151720
16129000
16129000
16129000
16129000
16129000
16129000
16129000
16129000
16129000
16129000
16151888
16129000
16129000
16129000
16129000
16129000
16129000
16129000
16129000
16129000
16129000
16151888
16129000
16129000
16129000
16129000
16129000
16129000
16129000
16129000
16129000
16151888
16152168
16151888
16151888
16151888
16151888
16151888
16151888
16151888
16151888
16151888
16129000
16129000
16129000
16129000
16129000
16129000
16129000
16129000
16151888
16151888
16151888
16151888
16129000
16129000
16129000
16129000
16129000
16129000
16129000
16129000
16129000
16129000
16129000
16151888
16151888
16151888
16129000
16129000
16129000
16129000
16129000
16129000
16129000
16129000
16151888
16151888
16151888
16151888
16151888
16151888
16151888
16151888
16151888
16129000
16129000
16129000
16129000
16151888
16151888
16151888
16129000
16129000
16129000
16129000
16129000
16147000
16129000
16129000
16129000
16129000
16129000
16129000
16129000
16129000
16129000
16151888
16129000
16151888
16152000
16129000
16129000
16129000
16129000
16129000
16129000
16129000
16129000
16129000
16151720
16129000
16129000
16129000
16129000
16129000
16151888
16129000
16129000
16129000
16129000
16151888
16129000
16129000
16129000
16129000
16129000
16129000
16129000
16129000
16152224
16152224
16129000
16129000
16152224
16152224
16152224
16152224
16152224
16152224
16152224
16152224
16152224
16152224
16129000
16129000
16129000
16129000
16129000
16129000
16129000
16129000
16129000
16129000
16152224
16152672
16152224
16152224
16152224
16152224
16129000
16129000
16129000
16129000
16129000
16129000
16152224
16152224
16152224
16152224
16152224
16152224
16152224
16129000
16129000
16129000
16129000
16152224
16152224
16152224
16152224
16152224
16152224
16152224
16152224
16129000
16129000
16129000
16129000
16152224
16152224
16152224
16152224
16152224
16152224
16152224
16152224
16152224
16152224
16129000
16129000
16129000
16129000
16129000
16152224
16152224
16152224
16152224
16152224
16129000
16129000
16129000
16129000
16129000
16129000
16152840
16129000
16129000
16129000
16129000
16129000
16144240
16152224
16129000
16129000
16129000
16129000
16129000
16129000
16129000
16129000
16129000
16152224
16129000
16129000
16129000
16129000
16129000
16129000
16151888
16129000
16129000
16129000
16152224
16129000
16129000
16129000
16129000
16129000
16129000
16129000
16129000
16152560
16129000
16142400
16129000
16129000
16129000
16129000
16129000
16129000
16129000
16129000
16129000
16142400
16129000
16152560
16129000
16129000
16129000
16129000
16129000
16129000
16129000
16129000
16129000
16129000
16140560
16129000
16129000
16129000
16129000
16129000
16129000
16129000
16140560
16129000
16129000
16151720
16129000
16151720
16129000
16129000
16129000
16129000
16129000
16129000
16129000
16129000
16147920
16129000
16129000
16129000
16129000
16129000
16129000
16129000
16146984
16129000
16129000
16129000
16146984
16129000
16129000
16129000
16129000
16129000
16129000
16129000
16129000
16129000
16152728
16152840
16129000
16129000
16129000
16152728
16129000
16129000
16129000
16129000
16129000
16151888
16129000
16129000
16129000
16129000
16129000
16129000
16129000
16129000
16129000
16151888
16129000
16151888
16129000
16129000
16129000
16129000
16129000
16129000
16129000
16129000
16152224
16129000
16129000
16129000
16129000
16129000
16129000
16129000
16129000
16129000
16142400
16152224
16129000
16129000
16129000
16129000
16129000
16129000
16129000
16129000
16152224
16129000
16146816
16129000
16129000
16129000
16129000
16129000
16129000
16129000
16129000
16129000
16147736
16129000
16147736
16129000
16129000
16129000
16129000
16129000
16129000
16129000
16129000
16129000
16129000
16151720
16146984
16129000
16129000
16129000
16129000
16129000
16129000
16146632
16129000
16129000
16129000
16146632
16129000
16129000
16129000
16129000
16129000
16129000
16129000
16129000
16129000
16140560
16129000
16129000
16129000
16140560
16129000
16129000
16129000
16129000
16129000
16129000
16140560
16129000
16129000
16129000
16129000
16129000
16129000
16129000
16129000
16129000
16140560
16129000
16140560
16129000
16129000
16129000
16129000
16129000
16129000
16129000
16129000
16148840
16129000
16129000
16129000
16129000
16129000
16129000
16148840
16129000
16129000
16129000
16148840
16129000
16129000
16129000
16129000
16129000
16129000
16129000
16129000
16129000
16129000
16142400
16144056
16129000
16144056
16129000
16129000
16129000
16129000
16129000
16129000
16129000
16129000
16144056
16129000
16129000
16129000
16129000
16129000
16129000
16129000
16147736
16129000
16129000
16147904
16129000
16129000
16129000
16129000
16129000
16129000
16129000
16129000
16129000
16146968
16129000
16129000
16129000
16129000
16146968
16129000
16129000
16129000
16129000
16129000
16129000
16140560
16129000
16129000
16129000
16129000
16129000
16129000
16129000
16129000
16129000
16140560
16129000
16129000
16129000
16129000
16129000
16129000
16140560
16129000
16129000
16129000
16146632
16146968
16129000
16129000
16129000
16129000
16129000
16129000
16129000
16129000
16129000
16142400
16129000
16129000
16129000
16129000
16146968
16149392
16129000
16129000
16129000
16129000
16129000
16129000
16148656
16129000
16129000
16129000
16129000
16129000
16129000
16129000
16144224
16129000
16129000
16146968
16129000
16129000
16129000
16129000
16129000
16129000
16129000
16129000
16129000
16144056
16129000
16129000
16129000
16129000
16146968
16129000
16129000
16129000
16129000
16129000
16129000
16147736
16129000
16129000
16129000
16129000
16129000
16129000
16129000
16129000
16129000
16147736
16129000
16129000
16129000
16129000
16147736
16129000
16129000
16129000
16129000
16129000
16140560
16129000
16129000
16129000
16129000
16129000
16129000
16129000
16129000
16140560
16129000
16140560
16129000
16129000
16129000
16129000
16129000
16129000
16142400
16129000
16129000
16129000
16147736
16129000
16129000
16147736
16129000
16129000
16129000
16129000
16129000
16129000
16129000
16129000
16148640
16129000
16129000
16129000
16144056
16129000
16129000
16129000
16129000
16129000
16129000
16144056
16129000
16129000
16129000
16129000
16129000
16129000
16129000
16129000
16129000
16144224
16129000
16144224
16129000
16129000
16129000
16129000
16129000
16129000
16129000
16129000
16129000
16148808
16129000
16129000
16129000
16129000
16129000
16129000
16129000
16129000
16129000
16129000
16148808
16129000
16129000
16129000
16129000
16129000
16129000
16129000
16129000
16129000
16149392
16129000
16149392
16129000
16129000
16129000
16129000
16129000
16149392
16129000
16129000
16129000
16148288
16129000
16129000
16129000
16129000
16129000
16129000
16129000
16129000
16149392
16129000
16149392
16129000
16129000
16129000
16129000
16129000
16129000
16140560
16129000
16129000
16129000
16129000
16140560
16129000
16129000
16129000
16129000
16129000
16129000
16129000
16142400
16129000
16129000
16129000
16129000
16129000
16129000
16129000
16129000
16129000
16144056
16129000
16129000
16129000
16140560
16129000
16129000
16129000
16129000
16129000
16129000
16140560
16129000
16129000
16129000
16129000
16129000
16129000
16129000
16129000
16140560
16129000
16148624
16129000
16129000
16129000
16129000
16129000
16129000
16129000
16129000
16129000
16129000
16144224
16129000
16129000
16129000
16129000
16129000
16129000
16129000
16129000
16129000
16146632
16129000
16129000
16129000
16129000
16129000
16146800
16129000
16129000
16129000
16129000
16146800
16146912
16129000
16129000
16129000
16129000
16129000
16129000
16129000
16129000
16129000
16129000
16149392
16129000
16129000
16129000
16129000
16129000
16129000
16129000
16129000
16129000
16146800
16129000
16129000
16129000
16129000
16129000
16129000
16129000
16129000
16129000
16149560
16129000
16129000
16149560
16129000
16129000
16129000
16129000
16129000
16129000
16149560
16129000
16149560
16129000
16129000
16129000
16129000
16129000
16129000
16129000
16129000
16129000
16129000
16147304
16129000
16129000
16129000
16129000
16147472
16129000
16129000
16129000
16129000
16147472
16129000
16129000
16129000
16129000
16129000
16129000
16129000
16129000
16129000
16144056
16129000
16144056
16129000
16129000
16129000
16129000
16129000
16129000
16129000
16129000
16144224
16147640
16129000
16129000
16129000
16129000
16129000
16129000
16129000
16129000
16129000
16142400
16129000
16129000
16129000
16129000
16129000
16129000
16129000
16129000
16129000
16142400
16146632
16129000
16129000
16129000
16129000
16129000
16129000
16129000
16129000
16149392
16129000
16149392
16129000
16129000
16129000
16129000
16129000
16129000
16129000
16129000
16129000
16129000
16149392
16144976
16129000
16129000
16129000
16129000
16129000
16129000
16129000
16129000
16142400
16129000
16129000
16129000
16129000
16129000
16129000
16129000
16129000
16129000
16142400
16129000
16129000
16129000
16129000
16129000
16129000
16129000
16129000
16129000
16146632
16129000
16129000
16129000
16129000
16129000
16129000
16129000
16129000
16129000
16129000
16146800
16129000
16129000
16129000
16129000
16129000
16129000
16129000
16129000
16129000
16145144
16129000
16129000
16129000
16129000
16129000
16129000
16129000
16129000
16129000
16140560
16129000
16129000
16129000
16129000
16129000
16129000
16129000
16129000
16129000
16129000
16144224
16129000
16129000
16129000
16129000
16129000
16129000
16129000
16129000
16129000
16129000
16144224
16129000
16129000
16129000
16129000
16129000
16129000
16129000
16129000
16129000
16144976
16129000
16129000
16129000
16129000
16129000
16129000
16129000
16129000
16129000
16144976
16129000
16129000
16129000
16129000
16129000
16129000
16129000
16129000
16129000
16142400
16129000
16129000
16129000
16129000
16129000
16129000
16129000
16129000
16129000
16129000
16149560
16129000
16129000
16129000
16146800
16129000
16129000
16129000
16129000
16129000
16129000
16146632
16129000
16129000
16129000
16129000
16129000
16129000
16129000
16129000
16129000
16144056
16129000
16129000
16129000
16146800
16129000
16129000
16129000
16129000
16129000
16129000
16129000
16146800
16129000
16129000
16129000
16129000
16129000
16129000
16129000
16129000
16129000
16140560
16145144
16129000
16129000
16129000
16129000
16129000
16129000
16129000
16129000
16129000
16149392
16129000
16129000
16129000
16129000
16140560
16129000
16129000
16129000
16129000
16129000
16140560
16144976
16129000
16129000
16129000
16129000
16129000
16129000
16129000
16129000
16129000
16143872
16129000
16129000
16129000
16129000
16129000
16129000
16129000
16129000
16149560
16129000
16149560
16129000
16129000
16129000
16129000
16129000
16129000
16129000
16129000
16129000
16144224
16129000
16129000
16129000
16129000
16129000
16144224
16129000
16129000
16129000
16144224
16144976
16129000
16129000
16129000
16129000
16129000
16129000
16129000
16129000
16129000
16129000
16143504
16129000
16144976
16129000
16129000
16129000
16129000
16129000
16129000
16129000
16129000
16144040
16129000
16129000
16129000
16129000
16129000
16129000
16129000
16129000
16129000
16144208
16146632
16129000
16129000
16129000
16129000
16129000
16129000
16129000
16129000
16129000
16129000
16143872
16129000
16129000
16149392
16129000
16129000
16129000
16129000
16129000
16129000
16140560
16129000
16140560
16129000
16129000
16129000
16129000
16129000
16129000
16129000
16144208
16129000
16129000
16129000
16143504
16129000
16129000
16129000
16129000
16129000
16129000
16129000
16129000
16129000
16144208
16129000
16129000
16129000
16129000
16129000
16129000
16129000
16129000
16129000
16149560
16129000
16129000
16129000
16129000
16149560
16129000
16129000
16129000
16129000
16129000
16129000
16149560
16129000
16129000
16129000
16129000
16129000
16129000
16129000
16129000
16129000
16149392
16129000
16149392
16129000
16129000
16144608
16129000
16129000
16129000
16129000
16129000
16129000
16145144
16129000
16129000
16129000
16129000
16129000
16129000
16129000
16129000
16145144
16129000
16144976
16149392
16144976
16144976
16144976
16144976
16144976
16144976
16144976
16144976
16144976
16144976
16129000
16129000
16129000
16129000
16129000
16129000
16144976
16144976
16129000
16129000
16129000
16144976
16144976
16144976
16144976
16144976
16144976
16144976
16144976
16144976
16144976
16129000
16129000
16129000
16129000
16129000
16129000
16129000
16129000
16129000
16129000
16144976
16144976
16144976
16144976
16144976
16144976
16144976
16144976
16144976
16144976
16129000
16129000
16129000
16129000
16129000
16129000
16129000
16129000
16129000
16129000
16144976
16144976
16144976
16144976
16144976
16144976
16144976
16144976
16144976
16144976
16144976
16129000
16129000
16129000
16129000
16129000
16129000
16129000
16129000
16129000
16129000
16144976
16144976
16144976
16144976
16144976
16129000
16129000
16129000
16129000
16129000
16144608
16129000
16129000
16129000
16129000
16129000
16129000
16129000
16129000
16129000
16144608
16129000
16129000
16129000
16129000
16129000
16129000
16129000
16129000
16144608
16129000
16129000
16129000
16129000
16129000
16129000
16129000
16129000
16129000
16129000
16140560
16129000
16129000
16129000
16129000
16129000
16129000
16129000
16129000
16140560
16129000
16129000
16129000
16129000
16129000
16129000
16129000
16129000
16129000
16141480
16129000
16129000
16129000
16129000
16129000
16129000
16129000
16129000
16129000
16129000
16149392
16129000
16129000
16129000
16129000
16129000
16129000
16129000
16129000
16149392
16129000
16129000
16129000
16129000
16129000
16129000
16129000
16129000
16129000
16149560
16129000
16129000
16129000
16143320
16129000
16129000
16129000
16129000
16129000
16143320
16129000
16129000
16129000
16129000
16129000
16129000
16129000
16129000
16145144
16129000
16145144
16129000
16129000
16129000
16129000
16129000
16129000
16129000
16129000
16129000
16145144
16129000
16129000
16145144
16129000
16129000
16129000
16129000
16129000
16129000
16129000
16146080
16129000
16129000
16141480
16129000
16129000
16129000
16129000
16129000
16129000
16129000
16129000
16141480
16129000
16141480
16129000
16129000
16129000
16129000
16129000
16129000
16129000
16144608
16129000
16141480
16129000
16129000
16129000
16129000
16129000
16145896
16129000
16129000
16129000
16129000
16129000
16145896
16129000
16129000
16129000
16129000
16129000
16129000
16129000
16129000
16129000
16145896
16129000
16145896
16129000
16129000
16129000
16129000
16129000
16129000
16145896
16129000
16129000
16129000
16143488
16129000
16129000
16129000
16129000
16129000
16129000
16129000
16143488
16129000
16143488
16129000
16129000
16129000
16129000
16129000
16129000
16129000
16129000
16129000
16129000
16143488
16129000
16129000
16129000
16129000
16129000
16143488
16129000
16129000
16129000
16143488
16129000
16129000
16143488
16129000
16129000
16129000
16129000
16129000
16129000
16129000
16129000
16140560
16129000
16129000
16145528
16129000
16129000
16129000
16129000
16129000
16129000
16129000
16129000
16141480
16129000
16129000
16129000
16129000
16129000
16129000
16141480
16129000
16129000
16129000
16141480
16129000
16129000
16129000
16129000
16129000
16129000
16129000
16129000
16129000
16143488
16129000
16129000
16143488
16129000
16129000
16143488
16129000
16129000
16129000
16129000
16129000
16129000
16143488
16129000
16129000
16129000
16129000
16129000
16143488
16129000
16129000
16129000
16129000
16140560
16129000
16129000
16129000
16129000
16129000
16129000
16129000
16129000
16129000
16143488
16149560
16129000
16129000
16129000
16129000
16129000
16129000
16129000
16129000
16129000
16149560
16129000
16129000
16129000
16129000
16129000
16129000
16129000
16129000
16129000
16129000
16149560
16143488
16129000
16129000
16129000
16129000
16129000
16129000
16129000
16129000
16129000
16143488
16129000
16129000
16129000
16129000
16129000
16129000
16129000
16129000
16129000
16143488
16149560
16129000
16129000
16129000
16129000
16129000
16129000
16129000
16129000
16141480
16129000
16129000
16129000
16129000
16129000
16129000
16129000
16129000
16129000
16129000
16143320
16129000
16129000
16129000
16129000
16129000
16129000
16129000
16129000
16129000
16143320
16129000
16129000
16129000
16129000
16129000
16129000
16129000
16129000
16129000
16140560
16129000
16129000
16129000
16129000
16140560
16129000
16129000
16129000
16129000
16129000
16129000
16140560
16129000
16129000
16129000
16129000
16129000
16129000
16129000
16129000
16129000
16140560
16129000
16129000
16129000
16129000
16129000
16129000
16129000
16129000
16129000
16140560
16129000
16129000
16129000
16129000
16129000
16129000
16129000
16129000
16129000
16140560
16129000
16129000
16129000
16129000
16129000
16129000
16129000
16129000
16129000
16129000
16141480
16149560
16129000
16129000
16129000
16129000
16129000
16129000
16129000
16129000
16129000
16141480
16129000
16129000
16129000
16129000
16129000
16129000
16129000
16129000
16149392
16129000
16149392
16129000
16129000
16129000
16129000
16129000
16129000
16129000
16129000
16149560
16129000
16129000
16129000
16129000
16143320
16129000
16129000
16129000
16129000
16129000
16129000
16143320
16129000
16129000
16129000
16129000
16129000
16129000
16129000
16129000
16129000
16143488
16129000
16143488
16129000
16143488
16129000
16129000
16129000
16129000
16129000
16129000
16140376
16129000
16129000
16129000
16129000
16129000
16129000
16129000
16129000
16129000
16140376
16129000
16140376
16129000
16129000
16129000
16129000
16129000
16129000
16129000
16129000
16129000
16129000
16140544
16129000
16129000
16129000
16129000
16129000
16129000
16129000
16129000
16129000
16140544
16129000
16129000
16129000
16129000
16129000
16143488
16129000
16129000
16129000
16129000
16143488
16129000
16129000
16129000
16129000
16129000
16129000
16129000
16129000
16129000
16129000
16140376
16129000
16143488
16129000
16129000
16129000
16129000
16129000
16129000
16129000
16129000
16129000
16143488
16129000
16129000
16129000
16129000
16129000
16129000
16129000
16129000
16129000
16143320
16143432
16129000
16129000
16143136
16129000
16129000
16129000
16129000
16129000
16129000
16129000
16143304
16129000
16129000
16129000
16129000
16129000
16129000
16129000
16129000
16129000
16129000
16143472
16141112
16129000
16129000
16129000
16129000
16129000
16129000
16129000
16129000
16129000
16142952
16129000
16129000
16129000
16129000
16129000
16129000
16129000
16129000
16142952
16129000
16129000
16129000
16129000
16129000
16129000
16129000
16129000
16129000
16149392
16129000
16129000
16129000
16129000
16129000
16129000
16129000
16129000
16143472
16129000
16143472
16129000
16129000
16129000
16129000
16129000
16129000
16129000
16129000
16129000
16129000
16143472
16129000
16129000
16129000
16129000
16129000
16129000
16129000
16129000
16129000
16143472
16129000
16129000
16129000
16129000
16129000
16129000
16129000
16129000
16129000
16149560
16129000
16129000
16129000
16129000
16129000
16129000
16149560
16129000
16129000
16129000
16129000
16149560
16129000
16129000
16129000
16129000
16129000
16129000
16129000
16129000
16129000
16140192
16129000
16129000
16129000
16129000
16129000
16129000
16129000
16129000
16129000
16140192
16129000
16129000
16140360
16129000
16129000
16129000
16129000
16129000
16129000
16129000
16129000
16149392
16129000
16129000
16129000
16129000
16129000
16129000
16129000
16129000
16129000
16129000
16149392
16129000
16129000
16129000
16129000
16129000
16129000
16129000
16129000
16129000
16140360
16129000
16129000
16129000
16129000
16129000
16129000
16129000
16129000
16129000
16140360
16129000
16129000
16129000
16129000
16129000
16129000
16140360
16129000
16129000
16129000
16129000
16140192
16129000
16129000
16129000
16129000
16129000
16129000
16129000
16129000
16129000
16149560
16129000
16129000
16129000
16129000
16129000
16129000
16129000
16129000
16129000
16140192
16129000
16129000
16129000
16129000
16129000
16129000
16129000
16129000
16129000
16140192
16129000
16129000
16129000
16129000
16129000
16129000
16129000
16129000
16129000
16129000
16140192
16129000
16129000
16129000
16129000
16129000
16129000
16129000
16129000
16129000
16149392
16129000
16129000
16129000
16129000
16129000
16129000
16129000
16129000
16129000
16149392
16129000
16129000
16129000
16129000
16129000
16129000
16129000
16129000
16129000
16149392
16129000
16129000
16129000
16129000
16129000
16129000
16129000
16129000
16129000
16129000
16149392
16129000
16129000
16129000
16129000
16129000
16129000
16129000
16129000
16129000
16149560
16129000
16129000
16129000
16129000
16129000
16129000
16129000
16129000
16129000
16140192
16129000
16129000
16129000
16129000
16129000
16129000
16129000
16129000
16140528
16129000
16140528
16129000
16129000
16129000
16129000
16129000
16129000
16129000
16129000
16129000
16140528
16129000
16129000
16141112
16129000
16129000
16129000
16129000
16129000
16129000
16129000
16141112
16129000
16129000
16129000
16129000
16129000
16129000
16129000
16129000
16141112
16129000
16141112
16129000
16129000
16129000
16129000
16129000
16129000
16129000
16129000
16129000
16149392
16129000
16129000
16149392
16129000
16129000
16129000
16129000
16129000
16129000
16129000
16129000
16140360
16129000
16129000
16129000
16149392
16129000
16129000
16129000
16149392
16129000
16129000
16129000
16140528
16129000
16129000
16129000
16129000
16129000
16129000
16129000
16129000
16129000
16140192
16129000
16129000
16140528
16129000
16129000
16129000
16129000
16129000
16129000
16129000
16129000
16149392
16129000
16129000
16129000
16129000
16129000
16129000
16129000
16129000
16129000
16149392
16149504
16129000
16129000
16129000
16129000
16129000
16129000
16129000
16129000
16149392
16129000
16129000
16129000
16129000
16129000
16129000
16129000
16129000
16129000
16149560
16129000
16129000
16129000
16129000
16129000
16129000
16129000
16129000
16129000
16129000
16149560
16129000
16129000
16129000
16129000
16129000
16129000
16129000
16129000
16129000
16149560
16129000
16129000
16129000
16129000
16129000
16129000
16129000
16129000
16129000
16140360
16129000
16129000
16129000
16149560
16129000
16129000
16129000
16129000
16129000
16149560
16129000
16129000
16129000
16129000
16129000
16129000
16129000
16129000
16149560
16129000
16149560
16140528
16129000
16129000
16129000
16129000
16129000
16129000
16129000
16129000
16149560
16129000
16129000
16140528
16129000
16129000
16129000
16129000
16129000
16129000
16129000
16140528
16129000
16129000
16129000
16129000
16129000
16129000
16129000
16129000
16129000
16129000
16149392
16129000
16129000
16129000
16129000
16129000
16129000
16129000
16129000
16129000
16149392
16129000
16129000
16129000
16129000
16129000
16129000
16129000
16129000
16129000
16149392
16129000
16129000
16129000
16129000
16129000
16129000
16129000
16129000
16129000
16149392
16129000
16129000
16129000
16129000
16129000
16129000
16129000
16129000
16129000
16129000
16149392
16149504
16129000
16129000
16129000
16129000
16129000
16129000
16129000
16129000
16149392
16129000
16129000
16129000
16129000
16129000
16129000
16149392
16129000
16129000
16129000
16149392
16129000
16129000
16129000
16129000
16129000
16129000
16129000
16129000
16129000
16140360
16149560
16140360
16140360
16140360
16140360
16140360
16140360
16140360
16140360
16129000
16129000
16129000
16129000
16129000
16129000
16129000
16129000
16129000
16129000
16140360
16140360
16140360
16140360
16140360
16140360
16140360
16140360
16140360
16129000
16149560
16129000
16129000
16129000
16129000
16129000
16129000
16129000
16129000
16129000
16140192
16129000
16129000
16129000
16129000
16129000
16129000
16129000
16129000
16140192
16129000
16129000
16129000
16129000
16129000
16129000
16129000
16129000
16129000
16140192
16129000
16129000
16129000
16129000
16129000
16129000
16129000
16129000
16129000
16140192
16129000
16129000
16129000
16129000
16129000
16129000
16129000
16129000
16129000
16129000
16140192
16129000
16129000
16129000
16129000
16129000
16129000
16140360
16129000
16129000
16129000
16140360
16129000
16129000
16129000
16129000
16129000
16129000
16129000
16129000
16129000
16140360
16129000
16129000
16129000
16129000
16129000
16129000
16129000
16129000
16129000
16140360
16129000
16140528
16129000
16129000
16129000
16129000
16129000
16129000
16129000
16129000
16129000
16140528
16129000
16129000
16129000
16129000
16129000
16140528
16149392
16129000
16129000
16129000
16140192
16129000
16129000
16129000
16129000
16129000
16129000
16129000
16129000
16129000
16140192
16129000
16129000
16129000
16129000
16129000
16129000
16129000
16129000
16129000
16129000
16140192
16129000
16129000
16129000
16129000
16140192
16129000
16129000
16129000
16129000
16129000
16129000
16140192
16129000
16129000
16129000
16129000
16129000
16129000
16129000
16129000
16140192
16129000
16129000
16129000
16129000
16129000
16129000
16129000
16129000
16129000
16140192
16129000
16129000
16129000
16129000
16129000
16129000
16129000
16129000
16129000
16129000
16140192
16129000
16129000
16129000
16129000
16129000
16129000
16129000
16129000
16129000
16129000
16140192
16140472
16140192
16140192
16140192
16140192
16140192
16140192
16140192
16140192
16129000
16129000
16129000
16129000
16129000
16140192
16140192
16140192
16140192
16140192
16140192
16129000
16129000
16129000
16129000
16129000
16129000
16129000
16129000
16129000
16129000
16129000
16140192
16140192
16140192
16140192
16129000
16129000
16129000
16129000
16129000
16129000
16129000
16129000
16140192
16141112
16140360
16140360
16140360
16140360
16140360
16140360
16140360
16140360
16129000
16141096
16129000
16129000
16129000
16129000
16129000
16140360
16129000
16129000
16129000
16140360
16129000
16129000
16129000
16129000
16129000
16129000
16129000
16129000
16129000
16140528
16129000
16140528
16129000
16129000
16129000
16129000
16129000
16129000
16129000
16129000
16129000
16140528
16129000
16129000
16129000
16129000
16129000
16140528
16129000
16129000
16129000
16129000
16140008
16129000
16129000
16129000
16129000
16129000
16129000
16129000
16129000
16141848
16129000
16129000
16129000
16129000
16129000
16129000
16129000
16129000
16129000
16129000
16140176
16129000
16129000
16129000
16140176
16129000
16142016
16129000
16129000
16129000
16129000
16129000
16142016
16129000
16129000
16129000
16129000
16129000
16129000
16129000
16129000
16129000
16142016
16129000
16129000
16129000
16129000
16129000
16129000
16129000
16129000
16129000
16142016
16129000
16129000
16129000
16129000
16129000
16129000
16129000
16129000
16129000
16129000
16142184
16129000
16129000
16129000
16129000
16129000
16129000
16129000
16142184
16129000
16129000
16145528
16129000
16129000
16129000
16129000
16129000
16129000
16129000
16129000
16129000
16145528
16129000
16129000
16129000
16129000
16129000
16129000
16129000
16129000
16129000
16145528
16129000
16129000
16129000
16129000
16129000
16129000
16129000
16129000
16129000
16145528
16129000
16129000
16129000
16129000
16129000
16129000
16129000
16129000
16129000
16145528
16129000
16129000
16129000
16145696
16129000
16129000
16129000
16129000
16129000
16129000
16145696
16129000
16129000
16129000
16129000
16129000
16129000
16129000
16129000
16129000
16145696
16129000
16129000
16129000
16129000
16129000
16129000
16129000
16129000
16129000
16145696
16129000
16129000
16129000
16129000
16129000
16129000
16129000
16129000
16129000
16145696
16129000
16129000
16129000
16129000
16129000
16145696
16129000
16129000
16129000
16129000
16129288
16129000
16129000
16129000
16129000
16129000
16129000
16129000
16129000
16129000
16129000
16129288
16129000
16129000
16129000
16129000
16129000
16129000
16129000
16129000
16129000
16129288
16129000
16129000
16129000
16129000
16129000
16129000
16129000
16129000
16129288
16129000
16129000
16129000
16129000
16145528
16129000
16129000
16129000
16129000
16129000
16145528
16129000
16129000
16129000
16145696
16129000
16129000
16129000
16129000
16129000
16129000
16129000
16145696
16129000
16129000
16129000
16129000
16129000
16129000
16129000
16145696
16129000
16129000
16145696
16129000
16129000
16129000
16129000
16129000
16129000
16129000
16129000
16129000
16145696
16129000
16129000
16129000
16129000
16129000
16129000
16129000
16129000
16129000
16145696
16129000
16129000
16129000
16129000
16129000
16129000
16129000
16129000
16129000
16129000
16145696
16129000
16129000
16129000
16129000
16129000
16129000
16129000
16129000
16129000
16145696
16129000
16129000
16129000
16129000
16129000
16129000
16145696
16129000
16129000
16129000
16129000
16129000
16145696
16129000
16129000
16129000
16129000
16129000
16145696
16129000
16129000
16129000
16129000
16129000
16129000
16129000
16129000
16129000
16129288
16129000
16129000
16129000
16145696
16129000
16129000
16129000
16129000
16129000
16129000
16145696
16129000
16129000
16129000
16129000
16129000
16129000
16129000
16129000
16129000
16145696
16129000
16129000
16145864
16129000
16129000
16129000
16129000
16129000
16129000
16129000
16129000
16145864
16129000
16129000
16129000
16129000
16129000
16129000
16129000
16129000
16129000
16145864
16129000
16129000
16129000
16129000
16129000
16129000
16129000
16129000
16129000
16145864
16129000
16129000
16129000
16129000
16129000
16129000
16129000
16129000
16129000
16129288
16129000
16129000
16129000
16129000
16129000
16129000
16129000
16129000
16129000
16129000
16129288
16129000
16129000
16129000
16129000
16129000
16129000
16129000
16129000
16129000
16129288
16129000
16129000
16129288
16129000
16129000
16129000
16129000
16129000
16129000
16145528
16129000
16129000
16129000
16129000
16129000
16129000
16129000
16129000
16129288
16129000
16129288
16129000
16129000
16129000
16129000
16129000
16129000
16129000
16129000
16129000
16129000
16129288
16129400
16129000
16129000
16129000
16129000
16129000
16129000
16129000
16129000
16129288
16129000
16129000
16129000
16129000
16129288
16129000
16129000
16129000
16129000
16129000
16129288
16129000
16129000
16129000
16129288
16129000
16129000
16129000
16129000
16129000
16129000
16129000
16145528
16129000
16129000
16129000
16129000
16129000
16129000
16129000
16129000
16129000
16145528
16129000
16129000
16129000
16129000
16129000
16129000
16129000
16129000
16129000
16145528
16129000
16129000
16129000
16129000
16129000
16129000
16129000
16129288
16129000
16129000
16129288
16129000
16129000
16129000
16129000
16129000
16129000
16129000
16129000
16129000
16129000
16129288
16129000
16129000
16129000
16129000
16129000
16129288
16129000
16129000
16129000
16129000
16129288
16129000
16129000
16129000
16129000
16129000
16129000
16129000
16129000
16129288
16129000
16129000
16129000
16129288
16129000
16129000
16129000
16129000
16129000
16129000
16129000
16129000
16129000
16129000
16129000
16129000
16129000
16129000
16129000
16129000
16129000
16129000
16129000
16129000
16129000
16129000
16129000
16129000
16129000
16129000
16129000
16129000
16129000
16129000
16129000
16129000
16129000
16129000
16129000
16129000
16129000
16129000
16129000
16129000
16129000
16129000
16129000
16129000
16129000
16129000
16129000
16129000
16129000
16129000
16129000
16129000
16129000
16129000
16129000
16129000
16129000
16129000
16129000
16129000
16129000
16129000
16129000
16129000
16129000
16129000
16129000
16129000
16129000
16129000
16129000
16129000
16129000
16129000
16129000
16129000
16129000
16129000
16129000
16129000
16129000
16129000
16129000
16129000
16129000
16129000
16129000
16129000
16129000
16129000
16129000
16142400
16129000
16129000
16129000
16129000
16129000
16129000
16129000
16129000
16129000
16142568
16129000
16129000
16129000
16129000
16129000
16129000
16129000
16129000
16129000
16129000
16142736
16129000
16129000
16129000
16129000
16129000
16129000
16129000
16129000
16129000
16142736
16129000
16129000
16143072
16129000
16129000
16129000
16129000
16129000
16129000
16129000
16143240
16129000
16129000
16129000
16129000
16129000
16129000
16143576
16129000
16129000
16129000
16143576
16129000
16129000
16129000
16129000
16129000
16129000
16129000
16129000
16129000
16129000
16143744
16129000
16129000
16129000
16129000
16129000
16143744
16129000
16129000
16129000
16143744
16129000
16129000
16129000
16129000
16129000
16129000
16129000
16129000
16129000
16143744
16129000
16129000
16129000
16129000
16129000
16142400
16129000
16142568
16129000
16129000
16129000
16142568
16129000
16129000
16129000
16129000
16129000
16129000
16129000
16129000
16129000
16129000
16142904
16158120
16129000
16143408
16129000
16129000
16129000
16129000
16129000
16129000
16129000
16143072
16129000
16129000
16129000
16129000
16129000
16129000
16129000
16129000
16143072
16141296
16129000
16129000
16129000
16129000
16129000
16129000
16129000
16129000
16129000
16143240
16129000
16129000
16129000
16129000
16129000
16129000
16143240
16129000
16129000
16129000
16129000
16143240
16129000
16129000
16129000
16129000
16129000
16129000
16129000
16129000
16129000
16158120
16129000
16129000
16129000
16143744
16129000
16129000
16129000
16129000
16129000
16143912
16144024
16129000
16129000
16129000
16129000
16129000
16129000
16129000
16129000
16129000
16142904
16143912
16129000
16129000
16129000
16129000
16142904
16129000
16129000
16129000
16129000
16142904
16129000
16129000
16129000
16129000
16129000
16129000
16142904
16129000
16129000
16142904
16129000
16129000
16129000
16129000
16129000
16129000
16129000
16129000
16129000
16143408
16129000
16129000
16129000
16129000
16129000
16129000
16129000
16129000
16129000
16142736
16129000
16142736
16129000
16129000
16129000
16129000
16129000
16129000
16129000
16129000
16129000
16129000
16142400
16129000
16129000
16129000
16129000
16129000
16129000
16129000
16142400
16129000
16129000
16141296
16129000
16157200
16129000
16129000
16129000
16129000
16129000
16129000
16140376
16129000
16129000
16142568
16129000
16129000
16129000
16129000
16129000
16140376
16129000
16129000
16129000
16129000
16129000
16143240
16129000
16129000
16129000
16129000
16129000
16129000
16129000
16129000
16129000
16157184
16129000
16129000
16129000
16129000
16129000
16129000
16129000
16129000
16158120
16129000
16129000
16129000
16129000
16129000
16129000
16129000
16129000
16129000
16142904
16129000
16129000
16129000
16129000
16158120
16129000
16129000
16129000
16129000
16129000
16129000
16158120
16129000
16129000
16129000
16129000
16129000
16129000
16129000
16129000
16142736
16143072
16129000
16129000
16129000
16129000
16129000
16129000
16129000
16129000
16143408
16129000
16129000
16129000
16129000
16129000
16129000
16129000
16129000
16129000
16142400
16129000
16129000
16129000
16129000
16129000
16129000
16129000
16129000
16129000
16129000
16142400
16140376
16129000
16129000
16155728
16129000
16129000
16129000
16129000
16129000
16129000
16157016
16129000
16129000
16129000
16129000
16129000
16129000
16129000
16129000
16129000
16157016
16129000
16129000
16129000
16129000
16129000
16129000
16129000
16129000
16129000
16129000
16157016
16129000
16129000
16129000
16129000
16129000
16129000
16129000
16129000
16129000
16157016
16129000
16129000
16129000
16129000
16129000
16129000
16129000
16129000
16129000
16157016
16129000
16129000
16129000
16129000
16129000
16129000
16129000
16129000
16129000
16157016
16129000
16129000
16129000
16129000
16129000
16129000
16129000
16129000
16129000
16129000
16157016
16129000
16129000
16129000
16129000
16129000
16129000
16129000
16129000
16129000
16158120
16129000
16129000
16129000
16129000
16129000
16129000
16129000
16129000
16129000
16155360
16129000
16129000
16129000
16129000
16129000
16129000
16129000
16129000
16129000
16155360
16129000
16129000
16129000
16129000
16155728
16129000
16129000
16129000
16129000
16155728
16129000
16129000
16129000
16129000
16129000
16129000
16129000
16129000
16129000
16140376
16157016
16129000
16129000
16129000
16129000
16129000
16129000
16129000
16157184
16129000
16129000
16129000
16129000
16129000
16129000
16142568
16129000
16129000
16129000
16129000
16142568
16129000
16129000
16129000
16129000
16129000
16129000
16129000
16129000
16129000
16129000
16142568
16129000
16129000
16142568
16129000
16142568
16129000
16129000
16129000
16129000
16129000
16129000
16155360
16129000
16129000
16129000
16129000
16129000
16129000
16129000
16129000
16129000
16155360
16129000
16129000
16129000
16143160
16129000
16129000
16129000
16129000
16129000
16129000
16143328
16129000
16143496
16129000
16143496
16129000
16129000
16129000
16129000
16129000
16129000
16129000
16129000
16141296
16129000
16129000
16129000
16129000
16129000
16129000
16129000
16142400
16129000
16129000
16142400
16129000
16129000
16129000
16129000
16129000
16129000
16129000
16129000
16129000
16143832
16129000
16129000
16129000
16129000
16129000
16129000
16129000
16129000
16129000
16144000
16129000
16129000
16129000
16129000
16129000
16129000
16129000
16129000
16140376
16129000
16140376
16129000
16129000
16129000
16129000
16129000
16129000
16129000
16129000
16140376
16129000
16129000
16129000
16129000
16140376
16129000
16129000
16129000
16129000
16129000
16140376
16129000
16129000
16129000
16129000
16129000
16129000
16129000
16129000
16129000
16129000
16143160
16129000
16129000
16129000
16129000
16129000
16129000
16129000
16129000
16129000
16143160
16129000
16129000
16129000
16129000
16129000
16129000
16129000
16129000
16143496
16129000
16129000
16129000
16129000
16129000
16129000
16129000
16129000
16156280
16129000
16129000
16129000
16129000
16129000
16129000
16129000
16129000
16129000
16129000
16156280
16129000
16129000
16129000
16129000
16129000
16129000
16129000
16129000
16129000
16142400
16129000
16129000
16129000
16129000
16129000
16129000
16129000
16129000
16129000
16142400
16129000
16129000
16129000
16129000
16129000
16129000
16129000
16129000
16129000
16158120
16129000
16129000
16129000
16129000
16156280
16129000
16129000
16129000
16129000
16129000
16156280
16129000
16129000
16129000
16129000
16129000
16129000
16141296
16129000
16141296
16129000
16129000
16129000
16129000
16129000
16129000
16129000
16129000
16129000
16141296
16129000
16141296
16129000
16129000
16129000
16129000
16129000
16129000
16129000
16141296
16129000
16129000
16129000
16129000
16129000
16129000
16129000
16129000
16129000
16129000
16141296
16140376
16129000
16129000
16129000
16129000
16129000
16129000
16129000
16129000
16141296
16129000
16129000
16129000
16129000
16129000
16129000
16142400
16129000
16129000
16129000
16142400
16129000
16129000
16129000
16142400
16129000
16129000
16129000
16129000
16129000
16129000
16129000
16142400
16129000
16129000
16129000
16129000
16129000
16129000
16129000
16129000
16129000
16142400
16129000
16129000
16129000
16129000
16129000
16129000
16129000
16129000
16129000
16142400
16129000
16129000
16129000
16129000
16129000
16129000
16129000
16129000
16142400
16129000
16129000
16129000
16129000
16129000
16129000
16129000
16129000
16129000
16129000
16142400
16129000
16129000
16129000
16129000
16129000
16129000
16129000
16129000
16129000
16129000
16142400
16129000
16129000
16129000
16129000
16129000
16129000
16129000
16129000
16129000
16129000
16129000
16129000
16129000
16129000
16129000
16129000
16129000
16129000
16129000
16129000
16129000
16129000
16129000
16129000
16129000
16129000
16129000
16129000
16129000
16129000
16129000
16129000
16129000
16129000
16129000
16129000
16129000
16129000
16129000
16129000
16129000
16129000
16129000
16129000
16129000
16129000
16129000
16129000
16129000
16129000
16129000
16129000
16129000
16129000
16129000
16129000
16129000
16129000
16129000
16129000
16129000
16129000
16129000
16129000
16129000
16129000
16129000
16129000
16129000
16129000
16129000
16129000
16129000
16129000
16129000
16129000
16129000
16129000
16129000
16129000
16129000
16129000
16129000
16129000
16129000
16129000
16129000
16129000
16129000
16129000
16129000
16129000
16129000
16129000
16129000
16129000
16129000
16129000
16129000
16129000
